title,match_year,formal_year,formal_venue,formal_doi,formal_paper_url,publication_type,notes
"Detection, Attribution and Localization of GAN Generated Images",2020,2021,"Electronic Imaging / IS&T Int’l. Symp. on Electronic Imaging: Media Watermarking, Security, and Forensics",10.2352/ISSN.2470-1173.2021.4.MWSF-276,https://library.imaging.org/ei/articles/33/4/art00007,Article,"Manual correction: arXiv version exists, but the paper was formally published in Electronic Imaging 2021."
